1<=i<=j<=k

1
1

2
2

3
1 2

4
1 3

5
1 4

6
1 2 3

7
1 2 4

8
1 2 5

9
1 2 6

10
1 2 3 4

11
1 2 3 5

12
1 2 3 6

13
1 2 3 7

14
1 2 3 8

15
1 2 3 4 5

16
1 2 3 4 6

17
1 2 3 4 7

18
1 2 3 4 8

19
1 2 3 4 9

20
1 2 3 4 10

21
1 2 3 4 5 6

22
1 2 3 4 5 7

23
1 2 3 4 5 8

24
1 2 3 4 5 9

25
1 2 3 4 5 10

26
1 2 3 4 5 11

27
1 2 3 4 5 12

28
1 2 3 4 5 6 7

29
1 2 3 4 5 6 8

30
1 2 3 4 5 6 9

31
1 2 3 4 5 6 10

32
1 2 3 4 5 6 11

33
1 2 3 4 5 6 12

34
1 2 3 4 5 6 13

35
1 2 3 4 5 6 14

36
1 2 3 4 5 6 7 8

37
1 2 3 4 5 6 7 9

38
1 2 3 4 5 6 7 10

39
1 2 3 4 5 6 7 11

40
1 2 3 4 5 6 7 12